0
0
0
0
-1
-1
-1
-1
-1
-1
-2
-2
-2
-2
-2
-3
-3
-4
-6
-8
-9
-11
-13
-14
-15
-15
-15
-13
-10
-6
-1
6
14
23
33
44
55
67
78
88
96
101
102
98
89
76
59
38
16
-7
-27
-44
-55
-61
-60
-52
-38
-20
1
22
42
60
73
82
88
89
87
83
78
74
71
69
69
70
72
73
73
72
69
64
58
50
42
33
26
19
14
10
6
3
-1
-5
-11
-17
-25
-33
-40
-46
-51
-52
-50
-45
-37
-26
-14
-2
8
16
20
19
13
3
-11
-27
-43
-59
-72
-81
-85
-84
-78
-68
-55
-40
-24
-10
1
9
13
12
7
-1
-13
-26
-40
-55
-70
-83
-96
-107
-117
-126
-133
-139
-143
-146
-148
-147
-146
-143
-139
-135
-130
-125
-121
-118
-116
-116
-116
-118
-121
-125
-130
-135
-139
-144
-148
-152
-155
-158
-160
-162
-165
-167
-170
-173
-176
-179
-182
-185
-188
-189
-190
-190
-190
-189
-188
-187
-186
-186
-187
-188
-190
-192
-193
-193
-192
-190
-186
-183
-179
-177
-177
-181
-189
-201
-217
-236
-256
-276
-294
-307
-315
-317
-312
-302
-287
-271
-255
-242
-233
-231
-235
-245
-259
-275
-291
-304
-311
-311
-304
-288
-266
-239
-210
-180
-154
-131
-116
-107
-107
-113
-126
-143
-164
-186
-208
-228
-245
-259
-269
-275
-276
-273
-265
-253
-237
-218
-196
-173
-149
-126
-104
-85
-69
-57
-49
-46
-45
-47
-51
-54
-56
-57
-54
-49
-42
-31
-20
-7
5
15
25
32
36
39
40
40
39
38
37
36
36
37
38
40
42
44
46
48
50
51
52
53
54
56
59
63
67
73
80
87
94
100
104
106
105
102
97
92
86
83
84
89
99
114
132
152
170
186
196
199
194
181
161
137
112
87
66
52
45
46
54
69
88
110
131
149
165
176
182
185
184
181
177
172
167
161
155
149
142
135
128
121
115
111
108
109
111
116
123
131
139
148
156
162
167
169
169
168
166
164
162
162
163
167
173
180
188
197
206
214
222
227
232
235
237
239
239
239
239
239
239
239
239
238
237
235
234
231
229
228
226
225
223
221
217
211
202
190
175
157
138
118
98
82
69
61
59
64
74
88
106
125
142
157
168
173
173
168
159
148
137
127
121
118
121
128
139
152
167
180
192
201
206
208
206
202
198
195
193
194
199
206
216
227
238
247
254
257
256
252
244
234
223
213
204
196
191
189
190
192
196
201
207
212
218
223
228
232
236
239
242
245
248
251
254
257
262
267
274
281
289
298
307
315
322
326
328
326
320
311
299
285
269
253
239
227
217
212
209
211
215
221
228
234
240
245
248
251
253
255
258
262
268
276
284
291
296
298
296
288
275
259
239
218
198
181
168
161
159
162
169
178
189
199
207
213
217
219
219
220
222
226
232
241
252
264
276
287
296
302
305
304
300
292
282
270
257
243
228
214
201
190
179
171
164
160
158
158
160
164
170
178
187
198
210
222
235
247
258
267
275
281
285
287
286
283
278
272
264
255
246
236
227
218
209
202
196
191
187
184
183
182
182
183
183
184
184
183
182
180
178
175
173
172
171
171
172
174
176
179
181
182
183
184
183
182
180
178
176
173
171
168
164
160
155
150
143
136
129
121
114
107
102
99
97
97
98
101
105
110
114
119
123
126
128
130
131
132
132
133
133
133
133
133
133
132
131
131
131
131
132
135
138
142
147
151
155
157
157
155
151
144
136
126
116
107
100
95
92
94
99
107
118
130
143
156
168
177
185
189
191
189
186
181
174
168
162
156
152
148
145
142
138
133
127
119
112
104
98
94
92
91
93
95
96
96
94
88
78
67
53
40
30
23
23
30
44
64
89
116
144
170
191
207
216
219
215
206
194
180
165
151
139
128
120
113
108
105
104
104
105
108
112
116
120
124
128
130
131
130
128
124
121
117
115
115
116
120
125
131
137
141
143
141
136
126
114
99
84
68
54
43
35
31
31
34
39
45
52
58
63
67
69
70
70
69
68
66
64
61
57
52
46
40
33
25
19
14
11
11
13
19
27
37
48
59
69
77
82
84
82
76
67
55
42
28
15
4
-5
-11
-15
-17
-20
-23
-29
-39
-52
-70
-91
-115
-140
-164
-184
-200
-210
-212
-206
-194
-176
-154
-130
-105
-83
-63
-48
-36
-29
-24
-21
-19
-17
-13
-7
2
13
24
36
47
54
57
55
48
35
18
-3
-25
-46
-64
-77
-84
-83
-75
-61
-41
-19
4
27
46
61
70
74
72
66
57
47
36
26
18
13
12
13
18
24
33
43
53
64
74
84
93
101
108
114
118
123
126
129
132
135
138
141
143
146
148
150
152
153
152
151
149
146
143
140
137
135
133
132
132
133
134
135
136
137
138
138
137
136
135
133
130
128
125
121
117
112
107
102
97
92
89
88
90
94
103
114
128
145
163
181
198
212
223
231
234
234
231
225
217
209
201
195
191
189
189
190
193
195
197
197
197
194
192
189
186
186
189
195
205
218
236
255
276
296
314
329
339
345
345
341
333
321
308
295
282
271
261
255
250
248
248
249
252
256
262
268
276
285
295
306
318
329
340
349
356
359
360
358
353
345
337
328
321
316
313
314
318
325
333
344
354
364
373
380
384
386
386
384
381
376
371
366
361
356
351
346
341
336
331
325
320
314
309
304
299
294
290
286
282
278
274
269
265
260
255
251
247
243
241
240
241
244
250
258
268
280
294
309
325
341
356
370
383
394
403
410
416
421
425
429
434
440
446
454
463
472
481
489
495
499
500
498
492
484
475
464
453
444
437
433
433
436
442
450
459
468
476
481
483
482
478
473
467
462
459
460
464
473
486
503
522
543
563
580
592
598
596
587
569
544
513
478
443
409
380
358
345
342
348
364
388
416
448
479
507
530
547
557
559
556
547
534
520
505
491
478
466
457
449
442
436
431
426
423
419
418
417
417
419
422
425
429
432
434
434
431
427
420
412
402
391
381
371
363
357
353
352
353
357
362
369
376
382
388
393
396
399
400
402
403
404
407
410
415
420
427
432
437
440
441
438
432
423
410
395
378
361
344
329
316
307
300
298
298
301
307
313
320
326
331
335
337
336
334
330
325
319
313
306
299
294
288
284
280
277
274
272
270
268
267
266
266
265
266
266
268
269
271
274
277
280
283
287
290
293
295
297
297
296
294
291
286
279
272
264
256
247
240
234
229
225
224
223
224
226
228
230
233
234
235
235
236
235
235
234
233
232
231
229
226
223
218
212
205
197
188
178
168
158
148
138
128
119
109
101
92
85
79
73
69
67
67
68
71
75
80
85
91
96
101
105
108
111
112
113
113
114
115
116
117
118
118
118
117
114
110
103
96
87
78
68
60
54
50
49
51
57
65
75
87
99
110
120
127
132
134
132
128
122
113
104
96
88
81
76
72
70
70
69
69
67
65
62
58
53
49
46
44
45
49
55
64
74
85
96
105
112
115
114
109
99
87
72
56
40
25
13
3
-3
-5
-5
-1
4
11
17
23
28
31
33
32
29
25
20
14
8
1
-5
-12
-18
-25
-32
-39
-46
-52
-58
-62
-64
-64
-62
-59
-53
-47
-40
-34
-28
-25
-23
-24
-25
-28
-30
-31
-30
-27
-21
-13
-5
3
10
13
13
7
-3
-18
-35
-53
-69
-83
-91
-92
-86
-73
-53
-29
-2
25
49
68
78
79
71
52
24
-10
-48
-87
-123
-153
-174
-185
-184
-171
-147
-114
-75
-33
9
48
80
106
123
131
132
128
119
109
98
89
83
80
81
84
91
99
108
117
125
133
139
144
148
151
153
154
156
158
160
163
166
169
173
178
183
189
195
202
208
215
222
228
234
239
242
244
243
240
234
225
214
200
185
170
155
141
131
124
121
123
130
140
154
170
187
203
217
228
235
238
236
230
221
210
197
185
174
164
157
153
151
152
155
159
164
170
176
181
185
189
192
193
193
193
192
191
190
189
190
191
194
198
204
211
218
226
234
241
247
251
255
257
259
259
260
261
262
264
266
268
271
274
276
278
279
279
278
276
273
270
267
263
260
257
256
255
255
257
259
264
269
275
282
289
296
303
309
314
316
317
316
313
309
304
299
293
288
285
282
282
283
285
289
293
297
301
305
308
309
309
308
305
300
294
287
278
269
259
250
243
239
237
239
246
256
269
286
305
325
345
364
379
392
400
404
405
402
396
388
379
370
361
352
345
340
335
332
331
330
331
332
334
336
339
342
346
350
354
359
364
370
376
382
388
395
402
409
417
426
434
443
450
457
462
464
464
460
452
440
425
408
389
369
350
332
317
305
297
292
290
291
294
298
302
306
309
312
314
315
317
319
322
326
331
337
344
351
358
365
371
375
379
380
380
380
378
376
374
371
369
367
364
363
361
360
359
358
358
358
358
357
356
354
351
347
342
336
331
328
326
328
334
344
359
378
400
424
449
474
496
515
531
541
547
548
546
540
532
522
512
501
491
480
470
460
451
442
434
426
419
414
410
407
405
405
406
409
414
419
426
433
440
448
455
462
469
474
478
480
481
481
480
478
475
471
468
464
461
457
452
446
439
430
419
405
390
373
355
337
321
307
296
290
287
288
293
300
308
317
324
329
331
330
326
319
310
300
290
282
276
273
273
276
282
290
299
309
318
326
332
335
335
333
329
324
317
310
303
297
292
289
287
286
285
285
285
285
284
283
281
279
277
275
273
271
270
270
270
270
272
273
276
278
282
286
290
294
297
300
302
301
299
295
289
281
272
263
255
247
242
239
239
242
248
258
270
284
300
316
331
344
354
360
361
356
346
329
308
284
257
231
208
188
175
169
170
179
193
212
235
258
281
301
319
333
343
351
355
357
358
359
358
358
356
353
349
343
334
323
311
297
283
270
258
249
244
242
244
250
258
268
279
291
301
309
315
318
317
314
309
302
294
285
278
271
267
265
266
269
273
280
287
295
303
310
315
318
319
318
315
310
303
295
286
275
264
253
241
231
221
213
206
200
196
193
191
190
188
187
185
182
178
175
171
168
165
164
163
164
165
167
167
167
164
159
152
142
131
118
105
93
82
73
66
61
58
56
55
53
50
45
38
29
20
9
-1
-9
-16
-21
-22
-22
-20
-17
-14
-11
-10
-10
-11
-12
-13
-13
-12
-8
-3
4
13
21
27
32
33
31
26
17
6
-7
-19
-31
-40
-47
-51
-53
-52
-49
-44
-39
-35
-30
-27
-25
-24
-24
-25
-28
-33
-39
-46
-56
-66
-77
-89
-101
-112
-121
-128
-133
-135
-134
-130
-124
-116
-107
-99
-92
-88
-86
-87
-91
-97
-105
-113
-121
-128
-133
-134
-133
-128
-121
-112
-102
-92
-84
-78
-75
-75
-78
-83
-90
-99
-108
-117
-125
-132
-138
-142
-146
-148
-150
-152
-153
-154
-155
-156
-156
-154
-151
-148
-143
-138
-132
-126
-121
-116
-112
-108
-104
-100
-95
-88
-81
-73
-64
-56
-50
-46
-46
-50
-58
-69
-83
-99
-113
-125
-133
-136
-132
-122
-107
-86
-63
-38
-14
7
24
36
43
44
40
32
21
9
-3
-13
-21
-26
-28
-25
-20
-11
0
12
23
34
42
48
50
49
45
39
31
23
16
12
10
11
16
25
36
49
62
74
82
85
80
69
49
22
-11
-48
-87
-124
-157
-184
-201
-208
-204
-190
-167
-137
-105
-71
-40
-14
5
17
20
17
7
-7
-24
-42
-59
-74
-87
-96
-101
-104
-103
-100
-96
-89
-83
-76
-70
-66
-65
-66
-71
-80
-92
-107
-125
-143
-160
-175
-187
-194
-195
-191
-182
-168
-152
-133
-114
-96
-80
-67
-57
-50
-45
-42
-41
-39
-37
-34
-31
-27
-23
-20
-17
-16
-16
-17
-18
-20
-21
-20
-18
-14
-8
0
7
14
18
18
13
2
-14
-35
-60
-86
-111
-132
-148
-155
-154
-144
-126
-102
-73
-41
-11
16
39
55
64
68
66
61
55
49
44
43
45
51
61
73
88
102
117
130
140
147
151
152
149
142
132
121
108
94
81
68
57
47
41
37
36
38
43
50
58
68
78
89
98
106
112
117
120
121
121
120
119
117
115
114
113
113
113
115
117
120
123
126
129
133
135
138
139
139
137
133
126
118
107
95
83
70
58
49
43
41
43
50
62
77
94
113
133
151
167
179
188
194
195
192
187
178
167
155
142
128
114
100
87
76
66
58
53
49
47
46
46
45
42
39
33
26
16
7
-2
-10
-15
-16
-13
-4
8
25
45
68
90
113
133
150
164
172
175
171
161
145
123
97
68
36
5
-23
-47
-64
-74
-75
-67
-51
-28
0
29
59
86
108
126
139
146
151
153
154
157
161
168
179
191
204
216
226
233
234
231
221
207
190
170
149
131
116
106
101
101
106
115
127
138
149
158
163
165
163
159
152
145
138
132
127
125
123
123
123
123
122
119
115
111
105
100
96
93
91
92
95
99
103
108
112
114
115
114
112
108
103
98
93
88
85
83
82
82
82
83
84
84
84
82
80
78
75
72
69
68
67
68
70
73
77
81
86
91
94
97
99
100
100
99
97
96
94
91
89
86
83
80
76
72
66
61
54
48
42
36
30
26
22
20
19
19
20
21
23
25
27
28
28
26
23
18
11
4
-5
-14
-23
-31
-38
-44
-49
-52
-54
-55
-55
-55
-55
-54
-54
-53
-53
-52
-51
-51
-50
-50
-50
-51
-52
-54
-57
-62
-68
-77
-87
-101
-117
-136
-158
-181
-205
-228
-248
-264
-273
-275
-269
-255
-233
-205
-172
-137
-104
-74
-51
-35
-28
-31
-41
-59
-82
-108
-134
-159
-181
-198
-210
-217
-219
-217
-211
-202
-193
-183
-174
-166
-161
-158
-156
-157
-159
-161
-164
-166
-168
-169
-169
-168
-167
-166
-165
-166
-166
-168
-170
-172
-173
-173
-172
-169
-165
-161
-156
-152
-150
-149
-150
-153
-156
-160
-163
-164
-163
-159
-153
-146
-140
-136
-136
-142
-154
-173
-197
-226
-257
-287
-313
-333
-346
-349
-344
-330
-311
-288
-264
-241
-223
-210
-204
-203
-208
-216
-225
-234
-240
-243
-242
-236
-226
-214
-202
-190
-182
-177
-177
-183
-194
-209
-228
-249
-271
-292
-312
-329
-343
-354
-362
-367
-370
-371
-370
-368
-366
-363
-359
-354
-348
-341
-334
-325
-315
-304
-294
-285
-276
-270
-266
-265
-267
-272
-279
-288
-298
-307
-315
-321
-324
-322
-317
-310
-299
-288
-277
-268
-262
-259
-261
-267
-277
-289
-303
-318
-332
-343
-352
-357
-359
-358
-353
-347
-338
-328
-317
-305
-292
-278
-263
-247
-231
-215
-200
-187
-175
-166
-160
-157
-156
-157
-160
-165
-169
-174
-177
-180
-183
-184
-185
-185
-185
-185
-186
-186
-186
-187
-187
-186
-185
-183
-179
-174
-168
-160
-152
-143
-133
-124
-116
-110
-105
-102
-101
-102
-104
-106
-109
-112
-114
-116
-118
-121
-125
-130
-135
-141
-146
-149
-151
-150
-146
-139
-132
-124
-118
-115
-118
-126
-141
-163
-188
-216
-243
-265
-281
-287
-282
-265
-238
-201
-158
-111
-64
-20
18
49
70
82
84
78
65
47
26
3
-19
-39
-57
-70
-80
-86
-89
-89
-86
-84
-80
-77
-75
-73
-72
-72
-72
-72
-72
-71
-69
-67
-64
-61
-57
-55
-52
-51
-51
-52
-54
-56
-59
-62
-65
-67
-69
-69
-68
-66
-61
-56
-48
-39
-29
-17
-6
6
17
27
35
42
46
49
50
51
50
50
49
49
48
47
45
42
37
30
20
9
-4
-18
-31
-42
-52
-58
-61
-60
-57
-51
-43
-35
-27
-20
-15
-11
-9
-8
-8
-8
-7
-5
-3
-1
1
3
3
0
-6
-14
-25
-38
-52
-66
-78
-87
-92
-93
-90
-83
-73
-62
-52
-44
-39
-38
-42
-51
-62
-76
-90
-102
-111
-116
-116
-113
-106
-97
-89
-84
-83
-86
-94
-107
-124
-141
-158
-172
-181
-184
-180
-168
-151
-129
-104
-78
-53
-30
-11
4
15
22
25
25
23
19
14
8
0
-9
-19
-30
-41
-53
-64
-73
-81
-87
-91
-92
-91
-89
-85
-82
-79
-77
-76
-76
-78
-80
-83
-86
-88
-89
-88
-86
-83
-79
-75
-71
-68
-66
-66
-67
-70
-75
-80
-86
-93
-99
-106
-113
-119
-127
-134
-142
-149
-157
-165
-172
-177
-181
-182
-181
-177
-171
-162
-152
-140
-129
-118
-109
-100
-94
-89
-86
-83
-81
-78
-75
-71
-66
-61
-54
-47
-39
-31
-22
-13
-4
7
18
31
45
58
72
84
95
102
105
102
94
81
62
41
17
-7
-30
-49
-62
-69
-69
-60
-45
-23
2
30
58
82
102
113
115
106
86
55
15
-31
-82
-132
-178
-217
-245
-260
-260
-246
-219
-181
-136
-88
-42
-2
30
49
57
52
38
16
-11
-39
-66
-88
-105
-116
-121
-121
-119
-114
-110
-107
-106
-106
-109
-113
-117
-120
-123
-124
-125
-126
-127
-129
-133
-140
-148
-159
-171
-184
-197
-210
-220
-229
-235
-238
-239
-237
-234
-230
-225
-220
-215
-211
-208
-205
-203
-201
-200
-197
-194
-190
-185
-178
-170
-162
-152
-142
-131
-121
-113
-105
-99
-96
-94
-96
-99
-105
-113
-122
-131
-141
-149
-156
-161
-163
-164
-163
-161
-158
-156
-156
-157
-161
-168
-176
-187
-198
-209
-220
-230
-239
-247
-254
-261
-269
-279
-290
-304
-318
-333
-347
-358
-364
-364
-357
-342
-320
-292
-259
-223
-187
-152
-122
-98
-81
-71
-69
-73
-83
-97
-114
-132
-151
-167
-182
-194
-204
-210
-212
-211
-206
-197
-186
-172
-156
-138
-120
-103
-86
-71
-59
-50
-43
-40
-39
-41
-45
-50
-57
-65
-74
-82
-90
-97
-104
-110
-114
-116
-117
-117
-114
-111
-107
-103
-99
-98
-97
-99
-102
-108
-115
-122
-129
-136
-141
-145
-148
-149
-150
-151
-153
-156
-161
-166
-173
-179
-183
-186
-185
-181
-175
-167
-159
-154
-153
-160
-174
-198
-231
-270
-314
-359
-401
-439
-468
-487
-494
-489
-473
-447
-415
-379
-343
-307
-275
-246
-223
-204
-191
-183
-179
-180
-186
-197
-211
-230
-250
-271
-289
-304
-311
-310
-299
-277
-246
-206
-161
-114
-69
-28
5
28
41
43
37
24
7
-12
-29
-43
-53
-58
-58
-55
-50
-44
-39
-37
-37
-40
-45
-53
-61
-70
-79
-85
-90
-93
-94
-93
-92
-92
-93
-97
-102
-110
-119
-130
-140
-149
-156
-160
-161
-158
-153
-145
-137
-130
-124
-120
-119
-121
-125
-131
-137
-142
-145
-146
-143
-137
-128
-118
-107
-98
-92
-90
-92
-100
-113
-131
-152
-175
-198
-220
-239
-255
-266
-272
-273
-271
-265
-256
-246
-233
-220
-206
-193
-180
-167
-155
-145
-136
-129
-125
-124
-125
-129
-135
-141
-148
-154
-158
-159
-157
-151
-142
-129
-113
-96
-79
-62
-46
-32
-22
-15
-11
-11
-13
-18
-26
-36
-47
-59
-73
-86
-100
-114
-127
-139
-150
-160
-167
-172
-172
-169
-163
-153
-140
-126
-111
-99
-91
-88
-91
-102
-119
-142
-170
-199
-228
-253
-273
-286
-290
-285
-272
-254
-230
-205
-181
-158
-140
-127
-118
-114
-113
-113
-115
-116
-114
-111
-105
-97
-87
-77
-68
-60
-53
-49
-47
-47
-48
-50
-54
-57
-61
-65
-69
-74
-81
-89
-99
-112
-125
-140
-154
-167
-179
-188
-194
-198
-199
-198
-197
-196
-195
-196
-199
-203
-208
-212
-214
-213
-209
-200
-187
-171
-151
-131
-111
-93
-78
-69
-64
-65
-71
-81
-93
-106
-119
-131
-142
-152
-162
-173
-184
-198
-213
-230
-247
-263
-276
-284
-287
-282
-268
-248
-222
-192
-162
-134
-110
-93
-83
-82
-87
-99
-114
-131
-147
-160
-170
-175
-176
-175
-175
-177
-183
-196
-217
-246
-282
-323
-366
-409
-447
-479
-501
-511
-507
-491
-462
-423
-377
-326
-274
-224
-179
-139
-108
-85
-70
-63
-62
-66
-73
-82
-93
-103
-114
-123
-133
-143
-153
-164
-176
-188
-200
-211
-221
-228
-231
-229
-223
-212
-198
-182
-164
-147
-133
-121
-114
-110
-111
-115
-122
-129
-137
-144
-151
-156
-159
-161
-163
-165
-167
-169
-172
-177
-181
-186
-191
-195
-198
-199
-199
-197
-193
-187
-179
-170
-160
-149
-140
-131
-124
-119
-117
-117
-120
-125
-132
-138
-145
-149
-152
-152
-149
-144
-137
-131
-124
-120
-118
-119
-123
-131
-141
-152
-164
-175
-185
-191
-195
-195
-192
-185
-175
-164
-152
-139
-128
-119
-112
-109
-111
-117
-128
-142
-159
-177
-195
-211
-223
