1111111011111110000011010101010011111110010110101111111111010100
1111111110000000000011001000110111111101101001001111111111001011
1111111111011001000010110001010011111100111101001111111111000001
0000000000001001000010010000111111111100011010111111111110110111
0000000000010111000001101011000111111100001001111111111110110000
0000000000001100000001000011010011111100010010011111111110101111
1111111111110101000000011101000011111100111001111111111110110100
1111111111011010111111111011011111111110000011011111111111000011
1111111111000011111111100000110111111111101101111111111111011010
1111111110110100111111001110011100000001110100001111111111110101
1111111110101111111111000100100100000100001101000000000000001100
1111111110110000111111000010011100000110101100010000000000010111
1111111110110111111111000110101100001001000011110000000000001001
1111111111000001111111001111010000001011000101001111111111011001
1111111111001011111111011010010000001100100011011111111110000000
1111111111010100111111100101101000001101010101001111111011111110
