1111111111010100
1111111111001011
1111111111000001
1111111110110111
1111111110110000
1111111110101111
1111111110110100
1111111111000011
1111111111011010
1111111111110101
0000000000001100
0000000000010111
0000000000001001
1111111111011001
1111111110000000
1111111011111110
1111111001011010
1111110110100100
1111110011110100
1111110001101011
1111110000100111
1111110001001001
1111110011100111
1111111000001101
1111111110110111
0000000111010000
0000010000110100
0000011010110001
0000100100001111
0000101100010100
0000110010001101
0000110101010100
0000110101010100
0000110010001101
0000101100010100
0000100100001111
0000011010110001
0000010000110100
0000000111010000
1111111110110111
1111111000001101
1111110011100111
1111110001001001
1111110000100111
1111110001101011
1111110011110100
1111110110100100
1111111001011010
1111111011111110
1111111110000000
1111111111011001
0000000000001001
0000000000010111
0000000000001100
1111111111110101
1111111111011010
1111111111000011
1111111110110100
1111111110101111
1111111110110000
1111111110110111
1111111111000001
1111111111001011
1111111111010100
